Assignment 3 - Section 4.1 Sniper Scalability
Expected outputs: 75
Parsed outputs: 75
Missing/unparseable outputs: 0

Grain size 1
Threads Implementation           Cycles     Energy (J)              EDP
------------------------------------------------------------------------
      1 mutex                  294087 0.140000000000   0.000015478260
      1 tas_cas                280347 0.110000000000   0.000011593340
      1 tas_ts                 280050 0.100000000000   0.000010528200
      1 ttas_cas               283543 0.110000000000   0.000011725450
      1 ttas_ts                281145 0.110000000000   0.000011626340
      2 mutex                  562394 0.280000000000   0.000059199560
      2 tas_cas                312642 0.270000000000   0.000031734450
      2 tas_ts                 312738 0.340000000000   0.000039974140
      2 ttas_cas               321551 0.300000000000   0.000036265200
      2 ttas_ts                317926 0.330000000000   0.000039441930
      4 mutex                  827685 0.580000000000   0.000180472800
      4 tas_cas                350986 0.630000000000   0.000083128500
      4 tas_ts                 353366 1.200000000000   0.000159414000
      4 ttas_cas               372840 1.050000000000   0.000147174300
      4 ttas_ts                357914 0.990000000000   0.000133208460
      8 mutex                 1731712 1.260000000000   0.000820285200
      8 tas_cas                649149 1.440000000000   0.000351419040
      8 tas_ts                 766709 2.160000000000   0.000622591920
      8 ttas_cas               657062 5.150000000000   0.001272132400
      8 ttas_ts                696532 5.500000000000   0.001440197000
     16 mutex                 3848985 3.080000000000   0.004456719960
     16 tas_cas               1215417 3.190000000000   0.001457587560
     16 tas_ts                1809916 4.230000000000   0.002878176600
     16 ttas_cas              1507798 10.780000000000   0.006110556760
     16 ttas_ts               1636322 13.710000000000   0.008433829890

Grain size 10
Threads Implementation           Cycles     Energy (J)              EDP
------------------------------------------------------------------------
      1 mutex                  532157 0.310000000000   0.000062018290
      1 tas_cas                471885 0.280000000000   0.000049672280
      1 tas_ts                 471330 0.270000000000   0.000047841840
      1 ttas_cas               474017 0.280000000000   0.000049896560
      1 ttas_ts                472949 0.280000000000   0.000049784280
      2 mutex                 1602535 0.660000000000   0.000397621620
      2 tas_cas                685042 1.140000000000   0.000293589900
      2 tas_ts                 586831 1.120000000000   0.000247086560
      2 ttas_cas               645644 1.250000000000   0.000303405000
      2 ttas_ts                660802 1.310000000000   0.000325432820
      4 mutex                 2652682 1.390000000000   0.001386176110
      4 tas_cas               1086014 3.440000000000   0.001404469440
      4 tas_ts                 997577 7.130000000000   0.002673956770
      4 ttas_cas              1026483 5.520000000000   0.002130145920
      4 ttas_ts               1027668 5.960000000000   0.002302598320
      8 mutex                 6041941 3.200000000000   0.007268502400
      8 tas_cas               2816003 7.320000000000   0.007749303360
      8 tas_ts                2629017 6.650000000000   0.006572540800
      8 ttas_cas              2269909 29.730000000000   0.025370065770
      8 ttas_ts               2275260 30.980000000000   0.026499083780
     16 mutex                12074521 8.010000000000   0.036359744940
     16 tas_cas               6271043 16.680000000000   0.039323683800
     16 tas_ts                5811106 14.400000000000   0.031458628800
     16 ttas_cas              5013364 94.410000000000   0.177936792840
     16 ttas_ts               5112844 100.760000000000   0.193673012720

Grain size 100
Threads Implementation           Cycles     Energy (J)              EDP
------------------------------------------------------------------------
      1 mutex                 3772055 2.020000000000   0.002864493320
      1 tas_cas               3711517 1.990000000000   0.002776660930
      1 tas_ts                3711228 1.990000000000   0.002776446010
      1 ttas_cas              3714447 1.990000000000   0.002778853910
      1 ttas_ts               3712581 1.990000000000   0.002777456930
      2 mutex                12621207 4.390000000000   0.020829737850
      2 tas_cas               7031306 14.730000000000   0.038936516040
      2 tas_ts                6873880 25.020000000000   0.064655833320
      2 ttas_cas              6845906 19.240000000000   0.049517006760
      2 ttas_ts               6864119 19.370000000000   0.049984207520
      4 mutex                24854676 9.520000000000   0.088953575760
      4 tas_cas              13883464 46.150000000000   0.240872910200
      4 tas_ts               13694640 149.950000000000   0.771996731950
      4 ttas_cas             13008408 96.250000000000   0.470698978750
      4 ttas_ts              13087651 95.720000000000   0.470958672400
      8 mutex                50621466 22.080000000000   0.420196244160
      8 tas_cas              28857988 75.670000000000   0.820933841560
      8 tas_ts               28540627 75.220000000000   0.807077427980
      8 ttas_cas             25112180 421.050000000000   3.974993682450
      8 ttas_ts              24923547 417.760000000000   3.914308848800
     16 mutex               101465177 57.320000000000   2.186460165280
     16 tas_cas              58883201 153.890000000000   3.406592448380
     16 tas_ts               58190248 143.810000000000   3.145992305730
     16 ttas_cas             47903789 1630.000000000000  29.354577090000
     16 ttas_ts              48329806 1630.000000000000  29.615633000000

